1 46
2 45
3 4
4 5
4 51
5 4
5 6
5 8
6 5
6 10
7 8
7 56
8 7
8 9
9 8
9 12
10 9
11 12
11 13
12 11
12 14
12 49
13 15
13 49
14 49
14 59
15 13
15 50
16 15
16 17
17 16
17 18
17 59
18 17
18 47
18 48
19 16
19 20
20 18
20 19
21 19
22 20
23 22
24 23
25 21
25 26
26 19
27 22
27 26
28 22
28 23
28 27
29 24
29 28
30 32
31 25
32 31
32 34
33 32
34 26
35 36
36 34
36 37
37 27
37 36
38 28
38 37
39 38
40 39
41 29
41 39
42 41
43 42
44 5
44 46
45 6
45 44
46 3
46 44
47 48
47 59
48 47
49 13
49 14
50 15
50 59
51 52
52 53
53 54
54 8
54 55
55 7
56 57
57 58
58 11
59 17
59 47
59 50
59 14