1 46
2 45
3 4
4 5
4 51
5 4
5 6
5 8
6 5
6 10
7 56
7 8
8 7
8 9
9 8
9 12
10 9
11 12
11 13
12 11
12 14
12 49
44 5
44 46
45 6
45 44
46 3
46 44
51 52
52 53
53 54
54 8
54 55
55 7
56 57
57 58
58 11
14 47
47 48
47 50
48 47
49 14
49 13
13 49
13 15
14 49
50 47
50 15
15 13
15 50
20 18
18 17
17 14
17 50
18 47
18 48
40 39
39 38
39 41
38 28
28 22
28 23
23 22
28 27
27 22
38 37
37 27
22 20
43 42
42 41
41 29
29 24
29 28
24 23
33 32
32 31
30 32
32 34
31 25
25 26
25 21
21 19
26 19
34 26
34 36
35 36
36 37
37 27
27 26
19 16
16 15
14 59
50 59
59 47
47 59
59 50
17 59