0 101 201 301 401
1 101 201 301 401
0 102 203 303 403 501
1 105 206 306 406 500
0 106 207 307 407 502
1 106 207 307 407 502
0 208 308 408 503
1 208 308 408 503
0 211 311 411 506
1 211 311 411 506
0 312 412 507 601
1 312 412 507 601
0 216 314 414 509 600
1 216 314 414 509 600
0 217 315 415 510 602
1 217 315 415 510 602
0 316 416 511 603
1 316 416 511 603
0 318 418 513 605
1 318 418 513 605
0 419 514 606 701
1 320 421 516 608 702
0 422 517 609 703
1 422 517 609 703
0 425 520 612 706
1 425 520 612 706
0 426 521 613 707
1 426 521 613 707
1 340 442 538
0 340 443 537
1 335 434 529
0 335 433 528